5.388446215139441886e-01
6.782868525896413869e-01
7.380478087649402497e-01
7.888446215139441886e-01
8.286852589641434674e-01
8.356573705179283218e-01
8.635458167330677393e-01
8.575697211155378641e-01
8.685258964143426352e-01
8.595617529880478225e-01
8.745019920318725104e-01
8.705179282868525936e-01
8.834661354581673232e-01
8.834661354581673232e-01
8.854581673306772815e-01
8.874501992031872399e-01
8.954183266932270735e-01
8.914342629482071567e-01
8.954183266932270735e-01
8.944223107569720943e-01
8.964143426294820527e-01
8.934262948207171151e-01
8.974103585657370319e-01
9.033864541832669071e-01
9.013944223107569487e-01
9.043824701195218863e-01
9.023904382470119279e-01
9.023904382470119279e-01
9.023904382470119279e-01
9.043824701195218863e-01
9.023904382470119279e-01
9.063745019920318446e-01
9.083665338645418030e-01
9.083665338645418030e-01
9.013944223107569487e-01
9.003984063745019695e-01
9.063745019920318446e-01
9.083665338645418030e-01
9.133466135458166990e-01
9.063745019920318446e-01
9.123505976095617198e-01
9.123505976095617198e-01
9.053784860557768654e-01
9.083665338645418030e-01
9.143426294820716782e-01
9.173306772908366158e-01
9.143426294820716782e-01
9.163346613545816366e-01
9.103585657370517614e-01
9.063745019920318446e-01
9.093625498007967822e-01
9.143426294820716782e-01
9.113545816733067406e-01
9.103585657370517614e-01
0.000000000000000000e+00
0.000000000000000000e+00
0.000000000000000000e+00
0.000000000000000000e+00
0.000000000000000000e+00
0.000000000000000000e+00
0.000000000000000000e+00
0.000000000000000000e+00
0.000000000000000000e+00
0.000000000000000000e+00
0.000000000000000000e+00
0.000000000000000000e+00
0.000000000000000000e+00
0.000000000000000000e+00
0.000000000000000000e+00
0.000000000000000000e+00
0.000000000000000000e+00
0.000000000000000000e+00
0.000000000000000000e+00
0.000000000000000000e+00
0.000000000000000000e+00
0.000000000000000000e+00
0.000000000000000000e+00
0.000000000000000000e+00
0.000000000000000000e+00
0.000000000000000000e+00
0.000000000000000000e+00
0.000000000000000000e+00
0.000000000000000000e+00
0.000000000000000000e+00
0.000000000000000000e+00
0.000000000000000000e+00
0.000000000000000000e+00
0.000000000000000000e+00
0.000000000000000000e+00
0.000000000000000000e+00
0.000000000000000000e+00
0.000000000000000000e+00
0.000000000000000000e+00
0.000000000000000000e+00
0.000000000000000000e+00
0.000000000000000000e+00
0.000000000000000000e+00
0.000000000000000000e+00
0.000000000000000000e+00
0.000000000000000000e+00
